[gd_scene load_steps=27 format=3 uid="uid://bot0nraopl732"]

[ext_resource type="Script" uid="uid://svdn72ttlrih" path="res://Code/sushido.gd" id="1_vsedq"]
[ext_resource type="Texture2D" uid="uid://chbd5kf48xuep" path="res://Graphics/Textures/FloorTexture.png" id="3_j1ptq"]
[ext_resource type="Texture2D" uid="uid://bh2uymhjmtrrc" path="res://Graphics/Textures/FloorTexture_n.png" id="4_ers83"]
[ext_resource type="PackedScene" uid="uid://bha0e5a62h4hw" path="res://Scenes/Components/Gameplay/basket_pavillion.tscn" id="5_y2b34"]
[ext_resource type="PackedScene" uid="uid://brawlb8o5r6av" path="res://Scenes/Components/Gameplay/lazy_susan.tscn" id="6_g1c1x"]
[ext_resource type="PackedScene" uid="uid://dxf7fem281gi0" path="res://Scenes/Components/Gameplay/kitchen_counter.tscn" id="7_m3wdx"]
[ext_resource type="PackedScene" uid="uid://btflc2b7rcto3" path="res://Scenes/Components/Gameplay/arena_seats.tscn" id="8_d1k4c"]
[ext_resource type="PackedScene" uid="uid://bisj412oltc2q" path="res://Scenes/Components/Gameplay/rice_cooker.tscn" id="9_3tog4"]
[ext_resource type="PackedScene" uid="uid://dfpjfnol8r0u6" path="res://Scenes/Components/Gameplay/cutting_board.tscn" id="11_ggj6i"]
[ext_resource type="Texture2D" uid="uid://dtlsoboqwly0y" path="res://Graphics/Sprites/PlayerChar/Maguro/Maguro_ActionIdle_Spritesheet.png" id="13_tcxas"]
[ext_resource type="Texture2D" uid="uid://d2786a47ffxip" path="res://Graphics/Sprites/PlayerChar/Anago/Anago_Action_SpriteSheet.png" id="14_7q1vy"]
[ext_resource type="Texture2D" uid="uid://bw53ghb22rmc4" path="res://Graphics/Sprites/PlayerChar/Sylkie/Sylkie_Idle_SpriteSheet.png" id="15_wp887"]
[ext_resource type="Texture2D" uid="uid://dt4rufyox4urg" path="res://Graphics/Sprites/PlayerChar/Bladez/Bladez_Idle_SpriteSheet.png" id="16_vuv55"]
[ext_resource type="Texture2D" uid="uid://h3naiwuiflxw" path="res://Graphics/Sprites/NPC/SpiderWaiter/SpiderWaiter_SpriteSheet_Decend.png" id="17_guuo6"]
[ext_resource type="Texture2D" uid="uid://bmixlhlyt5isi" path="res://Graphics/Sprites/Props/heliouch_rough.png" id="18_36x1g"]
[ext_resource type="Texture2D" uid="uid://c4x7avb8dor5h" path="res://Graphics/Sprites/Props/Sushi_squipper.png" id="19_x06ib"]
[ext_resource type="Script" uid="uid://csjccrhj5wnx7" path="res://addons/phantom_camera/scripts/phantom_camera/phantom_camera_3d.gd" id="24_o2ivs"]
[ext_resource type="Script" uid="uid://8umksf8e80fw" path="res://addons/phantom_camera/scripts/resources/tween_resource.gd" id="25_mn3jj"]
[ext_resource type="Script" uid="uid://bd046eokvcnu2" path="res://addons/phantom_camera/scripts/phantom_camera_host/phantom_camera_host.gd" id="26_7wvso"]

[sub_resource type="ProceduralSkyMaterial" id="ProceduralSkyMaterial_c41nv"]
sky_top_color = Color(0.49657845, 0.09118567, 0.23824784, 1)
sky_horizon_color = Color(0.41433975, 0.15260696, 0.1168481, 1)
ground_bottom_color = Color(0.18011147, 0.06394079, 0.042438492, 1)
ground_horizon_color = Color(0.41433975, 0.15260696, 0.1168481, 1)

[sub_resource type="Sky" id="Sky_2y2d3"]
sky_material = SubResource("ProceduralSkyMaterial_c41nv")

[sub_resource type="Environment" id="Environment_mvubj"]
background_mode = 2
sky = SubResource("Sky_2y2d3")
tonemap_mode = 2
glow_enabled = true

[sub_resource type="PlaneMesh" id="PlaneMesh_2y2d3"]
size = Vector2(30, 15)

[sub_resource type="StandardMaterial3D" id="StandardMaterial3D_b7hrd"]
albedo_texture = ExtResource("3_j1ptq")
normal_enabled = true
normal_scale = 1.02
normal_texture = ExtResource("4_ers83")
uv1_scale = Vector3(1.575, 1.575, 1.575)
uv1_triplanar = true

[sub_resource type="ConcavePolygonShape3D" id="ConcavePolygonShape3D_c41nv"]
data = PackedVector3Array(15, 0, 7.5, -15, 0, 7.5, 15, 0, -7.5, -15, 0, 7.5, -15, 0, -7.5, 15, 0, -7.5)

[sub_resource type="Resource" id="Resource_rkpu0"]
script = ExtResource("25_mn3jj")

[node name="Sushido" type="Node3D"]
script = ExtResource("1_vsedq")
time_limit = 120.0

[node name="WorldEnvironment" type="WorldEnvironment" parent="."]
environment = SubResource("Environment_mvubj")

[node name="DirectionalLight3D" type="DirectionalLight3D" parent="."]
transform = Transform3D(-0.8660254, -0.43301278, 0.25, 0, 0.49999997, 0.86602545, -0.50000006, 0.75, -0.43301266, 0, 0, 0)
visible = false
light_color = Color(0.9851391, 0.8477992, 0.9046948, 1)
light_energy = 0.31
shadow_enabled = true

[node name="Spotlights" type="Node" parent="."]

[node name="SpotLight3D" type="SpotLight3D" parent="Spotlights"]
transform = Transform3D(0.9478569, -0.108557515, 0.29963756, -0.31864718, -0.33934313, 0.88504803, 0.0056013484, -0.9343776, -0.3562403, 7.932987, 11.459595, -9.042019)
light_color = Color(0.95, 0.8629167, 0.42749998, 1)
light_energy = 3.0
light_indirect_energy = 3.0
light_volumetric_fog_energy = 3.0
shadow_enabled = true
spot_range = 19.274689
spot_attenuation = 0.45
spot_angle = 22.276114

[node name="SpotLight3D2" type="SpotLight3D" parent="Spotlights"]
transform = Transform3D(0.90963525, 2.991178e-08, -0.41540784, 0.3808874, -0.39911717, 0.8340445, -0.1657964, -0.9169, -0.36305112, -7.7998333, 11.459595, -8.02027)
light_color = Color(0.95, 0.8629167, 0.42749998, 1)
light_energy = 3.0
light_indirect_energy = 3.0
shadow_enabled = true
spot_range = 15.442401
spot_attenuation = 0.45
spot_angle = 30.0

[node name="SpotLight3D3" type="SpotLight3D" parent="Spotlights"]
transform = Transform3D(0.9188662, -0.050053816, -0.39138144, 0.38533697, 0.32715586, 0.8628352, 0.08485454, -0.94364387, 0.3199001, -8.105199, 11.459595, 8.055611)
light_color = Color(0.95, 0.8629167, 0.42749998, 1)
light_energy = 3.0
light_indirect_energy = 3.0
shadow_enabled = true
spot_range = 17.541298
spot_attenuation = 0.45
spot_angle = 24.072691

[node name="SpotLight3D4" type="SpotLight3D" parent="Spotlights"]
transform = Transform3D(0.9432957, -0.00432487, 0.3319256, -0.31215262, 0.3286239, 0.89138496, -0.1129338, -0.944451, 0.30863947, 7.98408, 11.459595, 7.9149675)
light_color = Color(0.95, 0.8629167, 0.42749998, 1)
light_energy = 3.0
light_indirect_energy = 3.0
shadow_enabled = true
spot_range = 23.699015
spot_attenuation = 0.45
spot_angle = 22.672447

[node name="SpotLight3D5" type="SpotLight3D" parent="Spotlights"]
transform = Transform3D(1, 0, 0, 0, -4.371139e-08, 1, 0, -1, -4.371139e-08, 0, 12.223078, 0)
light_color = Color(1, 0.8745098, 0.5019608, 1)
light_energy = 2.0
light_indirect_energy = 3.0
spot_range = 16.202047
spot_angle = 22.496113

[node name="World" type="Node3D" parent="."]

[node name="FloorMesh" type="MeshInstance3D" parent="World"]
transform = Transform3D(36.52525, 0, 0, 0, 1, 0, 0, 0, 67.48799, 0, 0, 0)
mesh = SubResource("PlaneMesh_2y2d3")
skeleton = NodePath("../..")
surface_material_override/0 = SubResource("StandardMaterial3D_b7hrd")

[node name="StaticBody3D" type="StaticBody3D" parent="World/FloorMesh"]

[node name="CollisionShape3D" type="CollisionShape3D" parent="World/FloorMesh/StaticBody3D"]
shape = SubResource("ConcavePolygonShape3D_c41nv")

[node name="FloorMesh2" type="MeshInstance3D" parent="World"]
transform = Transform3D(36.52525, 0, 0, 0, -4.371139e-08, -67.48799, 0, 1, -2.9499938e-06, 0, 0, -49.701317)
mesh = SubResource("PlaneMesh_2y2d3")
skeleton = NodePath("../..")
surface_material_override/0 = SubResource("StandardMaterial3D_b7hrd")

[node name="StaticBody3D" type="StaticBody3D" parent="World/FloorMesh2"]

[node name="CollisionShape3D" type="CollisionShape3D" parent="World/FloorMesh2/StaticBody3D"]
shape = SubResource("ConcavePolygonShape3D_c41nv")

[node name="FloorMesh3" type="MeshInstance3D" parent="World"]
transform = Transform3D(-1.5965694e-06, 1, -2.9499938e-06, 0, -4.371139e-08, -67.48799, -36.52525, -4.371139e-08, 1.2894832e-13, -40.814415, 0, -49.701317)
mesh = SubResource("PlaneMesh_2y2d3")
skeleton = NodePath("../..")
surface_material_override/0 = SubResource("StandardMaterial3D_b7hrd")

[node name="StaticBody3D" type="StaticBody3D" parent="World/FloorMesh3"]

[node name="CollisionShape3D" type="CollisionShape3D" parent="World/FloorMesh3/StaticBody3D"]
shape = SubResource("ConcavePolygonShape3D_c41nv")

[node name="BasketPavillion" parent="World" instance=ExtResource("5_y2b34")]
transform = Transform3D(0.0010820702, 0, -0.99999946, 0, 1, 0, 0.99999946, 0, 0.0010820702, 0.4146061, -0.032995224, 0.0005800724)

[node name="Lazy Susan" parent="World" instance=ExtResource("6_g1c1x")]
transform = Transform3D(1, 0, 0, 0, 1, 0, 0, 0, 1, 0, -0.010214031, 0)

[node name="Fish_Spawner_LS" parent="World/Lazy Susan/Rotation/LazySusan_top" index="1"]
visible = false

[node name="Fish_Spawner_LS5" parent="World/Lazy Susan/Rotation/LazySusan_top" index="2"]
visible = false

[node name="Fish_Spawner_LS2" parent="World/Lazy Susan/Rotation/LazySusan_top" index="3"]
visible = false

[node name="Fish_Spawner_LS3" parent="World/Lazy Susan/Rotation/LazySusan_top" index="4"]
visible = false

[node name="Fish_Spawner_LS4" parent="World/Lazy Susan/Rotation/LazySusan_top" index="5"]
visible = false

[node name="KitchenCounter" parent="World" instance=ExtResource("7_m3wdx")]
transform = Transform3D(1, 0, 0, 0, 1, 0, 0, 0, 1, 0.048888206, 0.049999177, -0.15173244)

[node name="KitchenCounter2" parent="World" instance=ExtResource("7_m3wdx")]
transform = Transform3D(-4.371139e-08, 0, -1, 0, 1, 0, 1, 0, -4.371139e-08, 0.048888206, 0.049999177, -0.15173244)

[node name="KitchenCounter3" parent="World" instance=ExtResource("7_m3wdx")]
transform = Transform3D(-1, 0, -8.742278e-08, 0, 1, 0, 8.742278e-08, 0, -1, 0.048888206, 0.049999177, -0.15173244)

[node name="KitchenCounter4" parent="World" instance=ExtResource("7_m3wdx")]
transform = Transform3D(-4.371139e-08, 0, 1, 0, 1, 0, -1, 0, -4.371139e-08, 0.048888206, 0.049999177, -0.15173244)

[node name="arena seats" parent="World" instance=ExtResource("8_d1k4c")]
transform = Transform3D(-0.644444, 0, -0.7646516, 0, 1, 0, 0.7646516, 0, -0.644444, -13.324917, 0, -11.025635)

[node name="arena seats2" parent="World" instance=ExtResource("8_d1k4c")]
transform = Transform3D(-0.670362, 0, 0.7420344, 0, 1, 0, -0.7420344, 0, -0.670362, 13.385561, 0, -11.025635)

[node name="arena seats3" parent="World" instance=ExtResource("8_d1k4c")]
transform = Transform3D(0.7098167, 0, -0.7043864, 0, 1, 0, 0.7043864, 0, 0.7098167, -13.324917, 0, 11.392831)

[node name="arena seats4" parent="World" instance=ExtResource("8_d1k4c")]
transform = Transform3D(0.69825286, 0, 0.7158513, 0, 1, 0, -0.7158513, 0, 0.69825286, 13.385561, 0, 11.277269)

[node name="RiceCooker" parent="World" instance=ExtResource("9_3tog4")]
transform = Transform3D(0.9370384, 0, -0.34922633, 0, 1, 0, 0.34922633, 0, 0.9370384, 1.6536617, 0.110912085, -21.79818)

[node name="CuttingBoard" parent="World" instance=ExtResource("11_ggj6i")]
transform = Transform3D(0.3340701, 0, -0.9425482, 0, 1, 0, 0.9425482, 0, 0.3340701, 4.8852844, 0.78042245, -5.9110193)

[node name="CuttingBoard2" parent="World" instance=ExtResource("11_ggj6i")]
transform = Transform3D(0.9431125, 0, 0.33247396, 0, 1, 0, -0.33247396, 0, 0.9431125, -5.7591124, 0.78042436, -4.8592434)

[node name="CuttingBoard3" parent="World" instance=ExtResource("11_ggj6i")]
transform = Transform3D(0.9233108, 0, -0.3840536, 0, 1, 0, 0.3840536, 0, 0.9233108, -4.504876, 0.78042436, 5.3926663)

[node name="CuttingBoard4" parent="World" instance=ExtResource("11_ggj6i")]
transform = Transform3D(-0.61680233, 0, -0.787118, 0, 1, 0, 0.787118, 0, -0.61680233, 4.7965775, 0.78042436, 5.4327908)

[node name="PhantomCamera3D" type="Node3D" parent="." node_paths=PackedStringArray("follow_targets")]
transform = Transform3D(1, 0, 0, 0, 0.83580613, 0.54902196, 0, -0.54902196, 0.83580613, 0, 1.5762491, -0.5073786)
top_level = true
script = ExtResource("24_o2ivs")
follow_mode = 3
follow_targets = [null, null, null, null]
tween_resource = SubResource("Resource_rkpu0")
follow_offset = Vector3(0, 7.47, 8.465)
auto_follow_distance = true
auto_follow_distance_min = -10.735

[node name="Camera3D" type="Camera3D" parent="."]
transform = Transform3D(1, 0, 0, 0, 0.83580613, 0.54902196, 0, -0.54902196, 0.83580613, 0, 1.5762491, -0.5073786)
top_level = true

[node name="PhantomCameraHost" type="Node" parent="Camera3D"]
process_priority = 300
process_physics_priority = 300
script = ExtResource("26_7wvso")

[node name="Actors" type="Node" parent="."]

[node name="Maguro" type="Sprite3D" parent="Actors"]
transform = Transform3D(1, 0, 0, 0, 1, 0, 0, 0, 1, -2.6128592, 2.3583846, -3.251894)
billboard = 2
alpha_cut = 2
alpha_antialiasing_mode = 1
texture = ExtResource("13_tcxas")
hframes = 8
vframes = 8
frame = 43

[node name="Anago" type="Sprite3D" parent="Actors"]
transform = Transform3D(1, 0, 0, 0, 1, 0, 0, 0, 1, 3.110365, 2.3583846, 4.1663055)
alpha_cut = 2
alpha_antialiasing_mode = 1
texture = ExtResource("14_7q1vy")
hframes = 8
vframes = 8
frame = 33

[node name="Sylkie" type="Sprite3D" parent="Actors"]
transform = Transform3D(1, 0, 0, 0, 1, 0, 0, 0, 1, -2.4650364, 2.3701835, 4.101759)
alpha_cut = 2
alpha_antialiasing_mode = 1
texture = ExtResource("15_wp887")
hframes = 8
vframes = 8
frame = 28

[node name="Bladez" type="Sprite3D" parent="Actors"]
transform = Transform3D(1, 0, 0, 0, 1, 0, 0, 0, 1, 3.0870588, 2.4402072, -0.2265606)
alpha_cut = 2
alpha_antialiasing_mode = 1
texture = ExtResource("16_vuv55")
hframes = 8
vframes = 8
frame = 13

[node name="SpiderWaitor" type="Sprite3D" parent="Actors"]
transform = Transform3D(1, 0, 0, 0, 1, 0, 0, 0, 1, 0.22289014, 8.638502, -1.1507944)
texture = ExtResource("17_guuo6")
hframes = 8
vframes = 2
frame = 12

[node name="Heliouch" type="Sprite3D" parent="Actors/SpiderWaitor"]
transform = Transform3D(1, 0, 0, 0, 1, 0, 0, 0, 1, 0.9662404, -2.1461668, 0.958827)
texture = ExtResource("18_36x1g")

[node name="SquipperSushi" type="Sprite3D" parent="Actors"]
transform = Transform3D(0.5, 0, 0, 0, 0.5, 0, 0, 0, 0.5, 4.8985877, 2.2063138, 5.6438937)
texture = ExtResource("19_x06ib")

[editable path="World/Lazy Susan"]
[editable path="World/Lazy Susan/LazySusan_base"]
[editable path="World/Lazy Susan/Rotation/LazySusan_top"]
